000000000000000000000000000000000000000000000000000000000000
022222222222222222222222222222222222222222222222222222222220
022222222222222222222222222222222222222222222222222222222220
022222222222222222222222222222222222222222222222222222222220
022222222222222222222222222222222222222222222222222222222220
022222222222222222222222222222222222222222222222222222222220
022222222222222222222222222222222222222222222222222222222220
022222222222222222222222222222222222222222222222222222222220
022222222222222222222222222222222222222222222222222222222220
022222222222222222222222222222222222222222222222222222222220
022222222222222222222222222222222222222222222222222222222220
022222222222222222222222222222222222222222222222222222222220
022222222222222222222222222222222222222222222222222222222220
022222222222222222222222222222222222222222222222222222222220
022222222222222222222222222222222222222222222222222222222220
022222222222222222222222222222222222222222222222222222222220
022222222222222222222222222222222222222222222222222222222220
022222222222222222222222222222222222222222222222222222222220
022222222222222222222222222222222222222222222222222222222220
022222222222222222222222222222222222222222222222222222222220
022222222222222222222222222222222222222222222222222222222220
022222222222222222222222222222222222222222222222222222222220
022222222222222222222222222222222222222222222222222222222220
022222222222222222222222222222222222222222222222222222222220
022222222222222222222222222222222222222222222222222222222220
022222222222222222222222222222222222222222222222222222222220
022222222222222222222222222222222222222222222222222222222220
022222222222222222222222222222222222222222222222222222222220
022222222222222222222222222222222222222222222222222222222220
022222222222222222222222222222222222222222222222222222222220
022222222222222222222222222222222222222222222222222222222220
022222222222222222222222222222222222222222222222222222222220
022222222222222222222222222222222222222222222222222222222220
022222222222222222222222222222222222222222222222222222222220
022222222222222222222222222222222222222222222222222222222220
022222222222222222222222222222222222222222222222222222222220
022222222222222222222222222222222222222222222222222222222220
022222222222222222222222222222222222222222222222222222222220
022222222222222222222222222222222222222222222222222222222220
022222222222222222222222222222222222222222222222222222222220
022222222222222222222222222222222222222222222222222222222220
022222222222222222222222222222222222222222222222222222222220
022222222222222222222222222222222222222222222222222222222220
022222222222222222222222222222222222222222222222222222222220
022222222222222222222222222222222222222222222222222222222220
022222222222222222222222222222222222222222222222222222222220
022222222222222222222222222222222222222222222222222222222220
022222222222222222222222222222222222222222222222222222222220
022222222222222222222222222222222222222222222222222222222220
022222222222222222222222222222222222222222222222222222222220
022222222222222222222222222222222222222222222222222222222220
022222222222222222222222222222222222222222222222222222222220
022222222222222222222222222222222222222222222222222222222220
022222222222222222222222222222222222222222222222222222222220
022222222222222222222222222222222222222222222222222222222220
022222222222222222222222222222222222222222222222222222222220
022222222222222222222222222222222222222222222222222222222220
022222222222222222222222222222222222222222222222222222222220
022222222222222222222222222222222222222222222222222222222220
000000000000000000000000000000000000000000000000000000000000
